520
[7, 0, 0, 1]
[4, 0, 1, 1]
[3, 0, 2, 1]
[2, 0, 3, 1]
[3, 0, 4, 1]
[4, 0, 5, 1]
[6, 0, 6, 1]
[8, 0, 7, 1]
[11, 0, 8, 1]
[11, 0, 12, 1]
[11, 0, 14, 1]
[11, 0, 16, 1]
[11, 0, 18, 1]
[9, 0, 19, 1]
[7, 0, 20, 1]
[6, 0, 21, 1]
[6, 0, 22, 1]
[6, 0, 23, 1]
[6, 0, 24, 1]
[6, 0, 25, 1]
[7, 0, 26, 1]
[8, 0, 27, 1]
[9, 0, 28, 1]
[10, 0, 29, 1]
[11, 0, 30, 1]
[15, 0, 31, 1]
[6.6573958, 2.1631191, 0, 1]
[3.8042262, 1.236068, 1, 1]
[2.8531697, 0.92705101, 2, 1]
[1.9021131, 0.61803401, 3, 1]
[2.8531697, 0.92705101, 4, 1]
[3.8042262, 1.236068, 5, 1]
[5.7063394, 1.854102, 6, 1]
[7.6084523, 2.472136, 7, 1]
[10.461622, 3.3991871, 8, 1]
[10.461622, 3.3991871, 12, 1]
[10.461622, 3.3991871, 14, 1]
[10.461622, 3.3991871, 16, 1]
[10.461622, 3.3991871, 18, 1]
[8.5595093, 2.781153, 19, 1]
[6.6573958, 2.1631191, 20, 1]
[5.7063394, 1.854102, 21, 1]
[5.7063394, 1.854102, 22, 1]
[5.7063394, 1.854102, 23, 1]
[5.7063394, 1.854102, 24, 1]
[5.7063394, 1.854102, 25, 1]
[6.6573958, 2.1631191, 26, 1]
[7.6084523, 2.472136, 27, 1]
[8.5595093, 2.781153, 28, 1]
[9.5105658, 3.0901699, 29, 1]
[10.461622, 3.3991871, 30, 1]
[14.265848, 4.6352549, 31, 1]
[5.6631188, 4.1144967, 0, 1]
[3.236068, 2.351141, 1, 1]
[2.4270511, 1.7633557, 2, 1]
[1.618034, 1.1755705, 3, 1]
[2.4270511, 1.7633557, 4, 1]
[3.236068, 2.351141, 5, 1]
[4.8541021, 3.5267115, 6, 1]
[6.472136, 4.702282, 7, 1]
[8.8991871, 6.4656377, 8, 1]
[8.8991871, 6.4656377, 12, 1]
[8.8991871, 6.4656377, 14, 1]
[8.8991871, 6.4656377, 16, 1]
[8.8991871, 6.4656377, 18, 1]
[7.2811532, 5.2900672, 19, 1]
[5.6631188, 4.1144967, 20, 1]
[4.8541021, 3.5267115, 21, 1]
[4.8541021, 3.5267115, 22, 1]
[4.8541021, 3.5267115, 23, 1]
[4.8541021, 3.5267115, 24, 1]
[4.8541021, 3.5267115, 25, 1]
[5.6631188, 4.1144967, 26, 1]
[6.472136, 4.702282, 27, 1]
[7.2811532, 5.2900672, 28, 1]
[8.0901699, 5.8778524, 29, 1]
[8.8991871, 6.4656377, 30, 1]
[12.135255, 8.8167782, 31, 1]
[4.1144967, 5.6631188, 0, 1]
[2.351141, 3.236068, 1, 1]
[1.7633557, 2.4270511, 2, 1]
[1.1755705, 1.618034, 3, 1]
[1.7633557, 2.4270511, 4, 1]
[2.351141, 3.236068, 5, 1]
[3.5267115, 4.8541021, 6, 1]
[4.702282, 6.472136, 7, 1]
[6.4656377, 8.8991871, 8, 1]
[6.4656377, 8.8991871, 12, 1]
[6.4656377, 8.8991871, 14, 1]
[6.4656377, 8.8991871, 16, 1]
[6.4656377, 8.8991871, 18, 1]
[5.2900672, 7.2811532, 19, 1]
[4.1144967, 5.6631188, 20, 1]
[3.5267115, 4.8541021, 21, 1]
[3.5267115, 4.8541021, 22, 1]
[3.5267115, 4.8541021, 23, 1]
[3.5267115, 4.8541021, 24, 1]
[3.5267115, 4.8541021, 25, 1]
[4.1144967, 5.6631188, 26, 1]
[4.702282, 6.472136, 27, 1]
[5.2900672, 7.2811532, 28, 1]
[5.8778524, 8.0901699, 29, 1]
[6.4656377, 8.8991871, 30, 1]
[8.8167782, 12.135255, 31, 1]
[2.1631191, 6.6573958, 0, 1]
[1.236068, 3.8042262, 1, 1]
[0.92705101, 2.8531697, 2, 1]
[0.61803401, 1.9021131, 3, 1]
[0.92705101, 2.8531697, 4, 1]
[1.236068, 3.8042262, 5, 1]
[1.854102, 5.7063394, 6, 1]
[2.472136, 7.6084523, 7, 1]
[3.3991871, 10.461622, 8, 1]
[3.3991871, 10.461622, 12, 1]
[3.3991871, 10.461622, 14, 1]
[3.3991871, 10.461622, 16, 1]
[3.3991871, 10.461622, 18, 1]
[2.781153, 8.5595093, 19, 1]
[2.1631191, 6.6573958, 20, 1]
[1.854102, 5.7063394, 21, 1]
[1.854102, 5.7063394, 22, 1]
[1.854102, 5.7063394, 23, 1]
[1.854102, 5.7063394, 24, 1]
[1.854102, 5.7063394, 25, 1]
[2.1631191, 6.6573958, 26, 1]
[2.472136, 7.6084523, 27, 1]
[2.781153, 8.5595093, 28, 1]
[3.0901699, 9.5105658, 29, 1]
[3.3991871, 10.461622, 30, 1]
[4.6352549, 14.265848, 31, 1]
[4.2862641e-016, 7, 0, 1]
[2.4492937e-016, 4, 1, 1]
[1.8369703e-016, 3, 2, 1]
[1.2246469e-016, 2, 3, 1]
[1.8369703e-016, 3, 4, 1]
[2.4492937e-016, 4, 5, 1]
[3.6739406e-016, 6, 6, 1]
[4.8985874e-016, 8, 7, 1]
[6.7355578e-016, 11, 8, 1]
[6.7355578e-016, 11, 12, 1]
[6.7355578e-016, 11, 14, 1]
[6.7355578e-016, 11, 16, 1]
[6.7355578e-016, 11, 18, 1]
[5.5109107e-016, 9, 19, 1]
[4.2862641e-016, 7, 20, 1]
[3.6739406e-016, 6, 21, 1]
[3.6739406e-016, 6, 22, 1]
[3.6739406e-016, 6, 23, 1]
[3.6739406e-016, 6, 24, 1]
[3.6739406e-016, 6, 25, 1]
[4.2862641e-016, 7, 26, 1]
[4.8985874e-016, 8, 27, 1]
[5.5109107e-016, 9, 28, 1]
[6.123234e-016, 10, 29, 1]
[6.7355578e-016, 11, 30, 1]
[9.1848515e-016, 15, 31, 1]
[-2.1631191, 6.6573958, 0, 1]
[-1.236068, 3.8042262, 1, 1]
[-0.92705101, 2.8531697, 2, 1]
[-0.61803401, 1.9021131, 3, 1]
[-0.92705101, 2.8531697, 4, 1]
[-1.236068, 3.8042262, 5, 1]
[-1.854102, 5.7063394, 6, 1]
[-2.472136, 7.6084523, 7, 1]
[-3.3991871, 10.461622, 8, 1]
[-3.3991871, 10.461622, 12, 1]
[-3.3991871, 10.461622, 14, 1]
[-3.3991871, 10.461622, 16, 1]
[-3.3991871, 10.461622, 18, 1]
[-2.781153, 8.5595093, 19, 1]
[-2.1631191, 6.6573958, 20, 1]
[-1.854102, 5.7063394, 21, 1]
[-1.854102, 5.7063394, 22, 1]
[-1.854102, 5.7063394, 23, 1]
[-1.854102, 5.7063394, 24, 1]
[-1.854102, 5.7063394, 25, 1]
[-2.1631191, 6.6573958, 26, 1]
[-2.472136, 7.6084523, 27, 1]
[-2.781153, 8.5595093, 28, 1]
[-3.0901699, 9.5105658, 29, 1]
[-3.3991871, 10.461622, 30, 1]
[-4.6352549, 14.265848, 31, 1]
[-4.1144967, 5.6631188, 0, 1]
[-2.351141, 3.236068, 1, 1]
[-1.7633557, 2.4270511, 2, 1]
[-1.1755705, 1.618034, 3, 1]
[-1.7633557, 2.4270511, 4, 1]
[-2.351141, 3.236068, 5, 1]
[-3.5267115, 4.8541021, 6, 1]
[-4.702282, 6.472136, 7, 1]
[-6.4656377, 8.8991871, 8, 1]
[-6.4656377, 8.8991871, 12, 1]
[-6.4656377, 8.8991871, 14, 1]
[-6.4656377, 8.8991871, 16, 1]
[-6.4656377, 8.8991871, 18, 1]
[-5.2900672, 7.2811532, 19, 1]
[-4.1144967, 5.6631188, 20, 1]
[-3.5267115, 4.8541021, 21, 1]
[-3.5267115, 4.8541021, 22, 1]
[-3.5267115, 4.8541021, 23, 1]
[-3.5267115, 4.8541021, 24, 1]
[-3.5267115, 4.8541021, 25, 1]
[-4.1144967, 5.6631188, 26, 1]
[-4.702282, 6.472136, 27, 1]
[-5.2900672, 7.2811532, 28, 1]
[-5.8778524, 8.0901699, 29, 1]
[-6.4656377, 8.8991871, 30, 1]
[-8.8167782, 12.135255, 31, 1]
[-5.6631188, 4.1144967, 0, 1]
[-3.236068, 2.351141, 1, 1]
[-2.4270511, 1.7633557, 2, 1]
[-1.618034, 1.1755705, 3, 1]
[-2.4270511, 1.7633557, 4, 1]
[-3.236068, 2.351141, 5, 1]
[-4.8541021, 3.5267115, 6, 1]
[-6.472136, 4.702282, 7, 1]
[-8.8991871, 6.4656377, 8, 1]
[-8.8991871, 6.4656377, 12, 1]
[-8.8991871, 6.4656377, 14, 1]
[-8.8991871, 6.4656377, 16, 1]
[-8.8991871, 6.4656377, 18, 1]
[-7.2811532, 5.2900672, 19, 1]
[-5.6631188, 4.1144967, 20, 1]
[-4.8541021, 3.5267115, 21, 1]
[-4.8541021, 3.5267115, 22, 1]
[-4.8541021, 3.5267115, 23, 1]
[-4.8541021, 3.5267115, 24, 1]
[-4.8541021, 3.5267115, 25, 1]
[-5.6631188, 4.1144967, 26, 1]
[-6.472136, 4.702282, 27, 1]
[-7.2811532, 5.2900672, 28, 1]
[-8.0901699, 5.8778524, 29, 1]
[-8.8991871, 6.4656377, 30, 1]
[-12.135255, 8.8167782, 31, 1]
[-6.6573958, 2.1631191, 0, 1]
[-3.8042262, 1.236068, 1, 1]
[-2.8531697, 0.92705101, 2, 1]
[-1.9021131, 0.61803401, 3, 1]
[-2.8531697, 0.92705101, 4, 1]
[-3.8042262, 1.236068, 5, 1]
[-5.7063394, 1.854102, 6, 1]
[-7.6084523, 2.472136, 7, 1]
[-10.461622, 3.3991871, 8, 1]
[-10.461622, 3.3991871, 12, 1]
[-10.461622, 3.3991871, 14, 1]
[-10.461622, 3.3991871, 16, 1]
[-10.461622, 3.3991871, 18, 1]
[-8.5595093, 2.781153, 19, 1]
[-6.6573958, 2.1631191, 20, 1]
[-5.7063394, 1.854102, 21, 1]
[-5.7063394, 1.854102, 22, 1]
[-5.7063394, 1.854102, 23, 1]
[-5.7063394, 1.854102, 24, 1]
[-5.7063394, 1.854102, 25, 1]
[-6.6573958, 2.1631191, 26, 1]
[-7.6084523, 2.472136, 27, 1]
[-8.5595093, 2.781153, 28, 1]
[-9.5105658, 3.0901699, 29, 1]
[-10.461622, 3.3991871, 30, 1]
[-14.265848, 4.6352549, 31, 1]
[-7, 8.5725282e-016, 0, 1]
[-4, 4.8985874e-016, 1, 1]
[-3, 3.6739406e-016, 2, 1]
[-2, 2.4492937e-016, 3, 1]
[-3, 3.6739406e-016, 4, 1]
[-4, 4.8985874e-016, 5, 1]
[-6, 7.3478811e-016, 6, 1]
[-8, 9.7971748e-016, 7, 1]
[-11, 1.3471116e-015, 8, 1]
[-11, 1.3471116e-015, 12, 1]
[-11, 1.3471116e-015, 14, 1]
[-11, 1.3471116e-015, 16, 1]
[-11, 1.3471116e-015, 18, 1]
[-9, 1.1021821e-015, 19, 1]
[-7, 8.5725282e-016, 20, 1]
[-6, 7.3478811e-016, 21, 1]
[-6, 7.3478811e-016, 22, 1]
[-6, 7.3478811e-016, 23, 1]
[-6, 7.3478811e-016, 24, 1]
[-6, 7.3478811e-016, 25, 1]
[-7, 8.5725282e-016, 26, 1]
[-8, 9.7971748e-016, 27, 1]
[-9, 1.1021821e-015, 28, 1]
[-10, 1.2246468e-015, 29, 1]
[-11, 1.3471116e-015, 30, 1]
[-15, 1.8369703e-015, 31, 1]
[-6.6573958, -2.1631191, 0, 1]
[-3.8042262, -1.236068, 1, 1]
[-2.8531697, -0.92705101, 2, 1]
[-1.9021131, -0.61803401, 3, 1]
[-2.8531697, -0.92705101, 4, 1]
[-3.8042262, -1.236068, 5, 1]
[-5.7063394, -1.854102, 6, 1]
[-7.6084523, -2.472136, 7, 1]
[-10.461622, -3.3991871, 8, 1]
[-10.461622, -3.3991871, 12, 1]
[-10.461622, -3.3991871, 14, 1]
[-10.461622, -3.3991871, 16, 1]
[-10.461622, -3.3991871, 18, 1]
[-8.5595093, -2.781153, 19, 1]
[-6.6573958, -2.1631191, 20, 1]
[-5.7063394, -1.854102, 21, 1]
[-5.7063394, -1.854102, 22, 1]
[-5.7063394, -1.854102, 23, 1]
[-5.7063394, -1.854102, 24, 1]
[-5.7063394, -1.854102, 25, 1]
[-6.6573958, -2.1631191, 26, 1]
[-7.6084523, -2.472136, 27, 1]
[-8.5595093, -2.781153, 28, 1]
[-9.5105658, -3.0901699, 29, 1]
[-10.461622, -3.3991871, 30, 1]
[-14.265848, -4.6352549, 31, 1]
[-5.6631188, -4.1144967, 0, 1]
[-3.236068, -2.351141, 1, 1]
[-2.4270511, -1.7633557, 2, 1]
[-1.618034, -1.1755705, 3, 1]
[-2.4270511, -1.7633557, 4, 1]
[-3.236068, -2.351141, 5, 1]
[-4.8541021, -3.5267115, 6, 1]
[-6.472136, -4.702282, 7, 1]
[-8.8991871, -6.4656377, 8, 1]
[-8.8991871, -6.4656377, 12, 1]
[-8.8991871, -6.4656377, 14, 1]
[-8.8991871, -6.4656377, 16, 1]
[-8.8991871, -6.4656377, 18, 1]
[-7.2811532, -5.2900672, 19, 1]
[-5.6631188, -4.1144967, 20, 1]
[-4.8541021, -3.5267115, 21, 1]
[-4.8541021, -3.5267115, 22, 1]
[-4.8541021, -3.5267115, 23, 1]
[-4.8541021, -3.5267115, 24, 1]
[-4.8541021, -3.5267115, 25, 1]
[-5.6631188, -4.1144967, 26, 1]
[-6.472136, -4.702282, 27, 1]
[-7.2811532, -5.2900672, 28, 1]
[-8.0901699, -5.8778524, 29, 1]
[-8.8991871, -6.4656377, 30, 1]
[-12.135255, -8.8167782, 31, 1]
[-4.1144967, -5.6631188, 0, 1]
[-2.351141, -3.236068, 1, 1]
[-1.7633557, -2.4270511, 2, 1]
[-1.1755705, -1.618034, 3, 1]
[-1.7633557, -2.4270511, 4, 1]
[-2.351141, -3.236068, 5, 1]
[-3.5267115, -4.8541021, 6, 1]
[-4.702282, -6.472136, 7, 1]
[-6.4656377, -8.8991871, 8, 1]
[-6.4656377, -8.8991871, 12, 1]
[-6.4656377, -8.8991871, 14, 1]
[-6.4656377, -8.8991871, 16, 1]
[-6.4656377, -8.8991871, 18, 1]
[-5.2900672, -7.2811532, 19, 1]
[-4.1144967, -5.6631188, 20, 1]
[-3.5267115, -4.8541021, 21, 1]
[-3.5267115, -4.8541021, 22, 1]
[-3.5267115, -4.8541021, 23, 1]
[-3.5267115, -4.8541021, 24, 1]
[-3.5267115, -4.8541021, 25, 1]
[-4.1144967, -5.6631188, 26, 1]
[-4.702282, -6.472136, 27, 1]
[-5.2900672, -7.2811532, 28, 1]
[-5.8778524, -8.0901699, 29, 1]
[-6.4656377, -8.8991871, 30, 1]
[-8.8167782, -12.135255, 31, 1]
[-2.1631191, -6.6573958, 0, 1]
[-1.236068, -3.8042262, 1, 1]
[-0.92705101, -2.8531697, 2, 1]
[-0.61803401, -1.9021131, 3, 1]
[-0.92705101, -2.8531697, 4, 1]
[-1.236068, -3.8042262, 5, 1]
[-1.854102, -5.7063394, 6, 1]
[-2.472136, -7.6084523, 7, 1]
[-3.3991871, -10.461622, 8, 1]
[-3.3991871, -10.461622, 12, 1]
[-3.3991871, -10.461622, 14, 1]
[-3.3991871, -10.461622, 16, 1]
[-3.3991871, -10.461622, 18, 1]
[-2.781153, -8.5595093, 19, 1]
[-2.1631191, -6.6573958, 20, 1]
[-1.854102, -5.7063394, 21, 1]
[-1.854102, -5.7063394, 22, 1]
[-1.854102, -5.7063394, 23, 1]
[-1.854102, -5.7063394, 24, 1]
[-1.854102, -5.7063394, 25, 1]
[-2.1631191, -6.6573958, 26, 1]
[-2.472136, -7.6084523, 27, 1]
[-2.781153, -8.5595093, 28, 1]
[-3.0901699, -9.5105658, 29, 1]
[-3.3991871, -10.461622, 30, 1]
[-4.6352549, -14.265848, 31, 1]
[-1.2858791e-015, -7, 0, 1]
[-7.3478806e-016, -4, 1, 1]
[-5.5109107e-016, -3, 2, 1]
[-3.6739403e-016, -2, 3, 1]
[-5.5109107e-016, -3, 4, 1]
[-7.3478806e-016, -4, 5, 1]
[-1.1021821e-015, -6, 6, 1]
[-1.4695761e-015, -8, 7, 1]
[-2.0206672e-015, -11, 8, 1]
[-2.0206672e-015, -11, 12, 1]
[-2.0206672e-015, -11, 14, 1]
[-2.0206672e-015, -11, 16, 1]
[-2.0206672e-015, -11, 18, 1]
[-1.6532731e-015, -9, 19, 1]
[-1.2858791e-015, -7, 20, 1]
[-1.1021821e-015, -6, 21, 1]
[-1.1021821e-015, -6, 22, 1]
[-1.1021821e-015, -6, 23, 1]
[-1.1021821e-015, -6, 24, 1]
[-1.1021821e-015, -6, 25, 1]
[-1.2858791e-015, -7, 26, 1]
[-1.4695761e-015, -8, 27, 1]
[-1.6532731e-015, -9, 28, 1]
[-1.8369701e-015, -10, 29, 1]
[-2.0206672e-015, -11, 30, 1]
[-2.7554551e-015, -15, 31, 1]
[2.1631191, -6.6573958, 0, 1]
[1.236068, -3.8042262, 1, 1]
[0.92705101, -2.8531697, 2, 1]
[0.61803401, -1.9021131, 3, 1]
[0.92705101, -2.8531697, 4, 1]
[1.236068, -3.8042262, 5, 1]
[1.854102, -5.7063394, 6, 1]
[2.472136, -7.6084523, 7, 1]
[3.3991871, -10.461622, 8, 1]
[3.3991871, -10.461622, 12, 1]
[3.3991871, -10.461622, 14, 1]
[3.3991871, -10.461622, 16, 1]
[3.3991871, -10.461622, 18, 1]
[2.781153, -8.5595093, 19, 1]
[2.1631191, -6.6573958, 20, 1]
[1.854102, -5.7063394, 21, 1]
[1.854102, -5.7063394, 22, 1]
[1.854102, -5.7063394, 23, 1]
[1.854102, -5.7063394, 24, 1]
[1.854102, -5.7063394, 25, 1]
[2.1631191, -6.6573958, 26, 1]
[2.472136, -7.6084523, 27, 1]
[2.781153, -8.5595093, 28, 1]
[3.0901699, -9.5105658, 29, 1]
[3.3991871, -10.461622, 30, 1]
[4.6352549, -14.265848, 31, 1]
[4.1144967, -5.6631188, 0, 1]
[2.351141, -3.236068, 1, 1]
[1.7633557, -2.4270511, 2, 1]
[1.1755705, -1.618034, 3, 1]
[1.7633557, -2.4270511, 4, 1]
[2.351141, -3.236068, 5, 1]
[3.5267115, -4.8541021, 6, 1]
[4.702282, -6.472136, 7, 1]
[6.4656377, -8.8991871, 8, 1]
[6.4656377, -8.8991871, 12, 1]
[6.4656377, -8.8991871, 14, 1]
[6.4656377, -8.8991871, 16, 1]
[6.4656377, -8.8991871, 18, 1]
[5.2900672, -7.2811532, 19, 1]
[4.1144967, -5.6631188, 20, 1]
[3.5267115, -4.8541021, 21, 1]
[3.5267115, -4.8541021, 22, 1]
[3.5267115, -4.8541021, 23, 1]
[3.5267115, -4.8541021, 24, 1]
[3.5267115, -4.8541021, 25, 1]
[4.1144967, -5.6631188, 26, 1]
[4.702282, -6.472136, 27, 1]
[5.2900672, -7.2811532, 28, 1]
[5.8778524, -8.0901699, 29, 1]
[6.4656377, -8.8991871, 30, 1]
[8.8167782, -12.135255, 31, 1]
[5.6631188, -4.1144967, 0, 1]
[3.236068, -2.351141, 1, 1]
[2.4270511, -1.7633557, 2, 1]
[1.618034, -1.1755705, 3, 1]
[2.4270511, -1.7633557, 4, 1]
[3.236068, -2.351141, 5, 1]
[4.8541021, -3.5267115, 6, 1]
[6.472136, -4.702282, 7, 1]
[8.8991871, -6.4656377, 8, 1]
[8.8991871, -6.4656377, 12, 1]
[8.8991871, -6.4656377, 14, 1]
[8.8991871, -6.4656377, 16, 1]
[8.8991871, -6.4656377, 18, 1]
[7.2811532, -5.2900672, 19, 1]
[5.6631188, -4.1144967, 20, 1]
[4.8541021, -3.5267115, 21, 1]
[4.8541021, -3.5267115, 22, 1]
[4.8541021, -3.5267115, 23, 1]
[4.8541021, -3.5267115, 24, 1]
[4.8541021, -3.5267115, 25, 1]
[5.6631188, -4.1144967, 26, 1]
[6.472136, -4.702282, 27, 1]
[7.2811532, -5.2900672, 28, 1]
[8.0901699, -5.8778524, 29, 1]
[8.8991871, -6.4656377, 30, 1]
[12.135255, -8.8167782, 31, 1]
[6.6573958, -2.1631191, 0, 1]
[3.8042262, -1.236068, 1, 1]
[2.8531697, -0.92705101, 2, 1]
[1.9021131, -0.61803401, 3, 1]
[2.8531697, -0.92705101, 4, 1]
[3.8042262, -1.236068, 5, 1]
[5.7063394, -1.854102, 6, 1]
[7.6084523, -2.472136, 7, 1]
[10.461622, -3.3991871, 8, 1]
[10.461622, -3.3991871, 12, 1]
[10.461622, -3.3991871, 14, 1]
[10.461622, -3.3991871, 16, 1]
[10.461622, -3.3991871, 18, 1]
[8.5595093, -2.781153, 19, 1]
[6.6573958, -2.1631191, 20, 1]
[5.7063394, -1.854102, 21, 1]
[5.7063394, -1.854102, 22, 1]
[5.7063394, -1.854102, 23, 1]
[5.7063394, -1.854102, 24, 1]
[5.7063394, -1.854102, 25, 1]
[6.6573958, -2.1631191, 26, 1]
[7.6084523, -2.472136, 27, 1]
[8.5595093, -2.781153, 28, 1]
[9.5105658, -3.0901699, 29, 1]
[10.461622, -3.3991871, 30, 1]
[14.265848, -4.6352549, 31, 1]
950
0 1 27 0
0 27 26 1
1 2 28 2
1 28 27 3
2 3 29 4
2 29 28 5
3 4 30 6
3 30 29 7
4 5 31 8
4 31 30 9
5 6 32 10
5 32 31 11
6 7 33 12
6 33 32 13
7 8 34 14
7 34 33 15
8 9 35 16
8 35 34 17
9 10 36 18
9 36 35 19
10 11 37 20
10 37 36 21
11 12 38 22
11 38 37 23
12 13 39 24
12 39 38 25
13 14 40 26
13 40 39 27
14 15 41 28
14 41 40 29
15 16 42 30
15 42 41 31
16 17 43 32
16 43 42 33
17 18 44 34
17 44 43 35
18 19 45 36
18 45 44 37
19 20 46 38
19 46 45 39
20 21 47 40
20 47 46 41
21 22 48 42
21 48 47 43
22 23 49 44
22 49 48 45
23 24 50 46
23 50 49 47
24 25 51 48
24 51 50 49
26 27 53 50
26 53 52 51
27 28 54 52
27 54 53 53
28 29 55 54
28 55 54 55
29 30 56 56
29 56 55 57
30 31 57 58
30 57 56 59
31 32 58 60
31 58 57 61
32 33 59 62
32 59 58 63
33 34 60 64
33 60 59 65
34 35 61 66
34 61 60 67
35 36 62 68
35 62 61 69
36 37 63 70
36 63 62 71
37 38 64 72
37 64 63 73
38 39 65 74
38 65 64 75
39 40 66 76
39 66 65 77
40 41 67 78
40 67 66 79
41 42 68 80
41 68 67 81
42 43 69 82
42 69 68 83
43 44 70 84
43 70 69 85
44 45 71 86
44 71 70 87
45 46 72 88
45 72 71 89
46 47 73 90
46 73 72 91
47 48 74 92
47 74 73 93
48 49 75 94
48 75 74 95
49 50 76 96
49 76 75 97
50 51 77 98
50 77 76 99
52 53 79 100
52 79 78 101
53 54 80 102
53 80 79 103
54 55 81 104
54 81 80 105
55 56 82 106
55 82 81 107
56 57 83 108
56 83 82 109
57 58 84 110
57 84 83 111
58 59 85 112
58 85 84 113
59 60 86 114
59 86 85 115
60 61 87 116
60 87 86 117
61 62 88 118
61 88 87 119
62 63 89 120
62 89 88 121
63 64 90 122
63 90 89 123
64 65 91 124
64 91 90 125
65 66 92 126
65 92 91 127
66 67 93 128
66 93 92 129
67 68 94 130
67 94 93 131
68 69 95 132
68 95 94 133
69 70 96 134
69 96 95 135
70 71 97 136
70 97 96 137
71 72 98 138
71 98 97 139
72 73 99 140
72 99 98 141
73 74 100 142
73 100 99 143
74 75 101 144
74 101 100 145
75 76 102 146
75 102 101 147
76 77 103 148
76 103 102 149
78 79 105 150
78 105 104 151
79 80 106 152
79 106 105 153
80 81 107 154
80 107 106 155
81 82 108 156
81 108 107 157
82 83 109 158
82 109 108 159
83 84 110 160
83 110 109 161
84 85 111 162
84 111 110 163
85 86 112 164
85 112 111 165
86 87 113 166
86 113 112 167
87 88 114 168
87 114 113 169
88 89 115 170
88 115 114 171
89 90 116 172
89 116 115 173
90 91 117 174
90 117 116 175
91 92 118 176
91 118 117 177
92 93 119 178
92 119 118 179
93 94 120 180
93 120 119 181
94 95 121 182
94 121 120 183
95 96 122 184
95 122 121 185
96 97 123 186
96 123 122 187
97 98 124 188
97 124 123 189
98 99 125 190
98 125 124 191
99 100 126 192
99 126 125 193
100 101 127 194
100 127 126 195
101 102 128 196
101 128 127 197
102 103 129 198
102 129 128 199
104 105 131 200
104 131 130 201
105 106 132 202
105 132 131 203
106 107 133 204
106 133 132 205
107 108 134 206
107 134 133 207
108 109 135 208
108 135 134 209
109 110 136 210
109 136 135 211
110 111 137 212
110 137 136 213
111 112 138 214
111 138 137 215
112 113 139 216
112 139 138 217
113 114 140 218
113 140 139 219
114 115 141 220
114 141 140 221
115 116 142 222
115 142 141 223
116 117 143 224
116 143 142 225
117 118 144 226
117 144 143 227
118 119 145 228
118 145 144 229
119 120 146 230
119 146 145 231
120 121 147 232
120 147 146 233
121 122 148 234
121 148 147 235
122 123 149 236
122 149 148 237
123 124 150 238
123 150 149 239
124 125 151 240
124 151 150 241
125 126 152 242
125 152 151 243
126 127 153 244
126 153 152 245
127 128 154 246
127 154 153 247
128 129 155 248
128 155 154 249
130 131 157 250
130 157 156 251
131 132 158 252
131 158 157 253
132 133 159 254
132 159 158 255
133 134 160 256
133 160 159 257
134 135 161 258
134 161 160 259
135 136 162 260
135 162 161 261
136 137 163 262
136 163 162 263
137 138 164 264
137 164 163 265
138 139 165 266
138 165 164 267
139 140 166 268
139 166 165 269
140 141 167 270
140 167 166 271
141 142 168 272
141 168 167 273
142 143 169 274
142 169 168 275
143 144 170 276
143 170 169 277
144 145 171 278
144 171 170 279
145 146 172 280
145 172 171 281
146 147 173 282
146 173 172 283
147 148 174 284
147 174 173 285
148 149 175 286
148 175 174 287
149 150 176 288
149 176 175 289
150 151 177 290
150 177 176 291
151 152 178 292
151 178 177 293
152 153 179 294
152 179 178 295
153 154 180 296
153 180 179 297
154 155 181 298
154 181 180 299
156 157 183 300
156 183 182 301
157 158 184 302
157 184 183 303
158 159 185 304
158 185 184 305
159 160 186 306
159 186 185 307
160 161 187 308
160 187 186 309
161 162 188 310
161 188 187 311
162 163 189 312
162 189 188 313
163 164 190 314
163 190 189 315
164 165 191 316
164 191 190 317
165 166 192 318
165 192 191 319
166 167 193 320
166 193 192 321
167 168 194 322
167 194 193 323
168 169 195 324
168 195 194 325
169 170 196 326
169 196 195 327
170 171 197 328
170 197 196 329
171 172 198 330
171 198 197 331
172 173 199 332
172 199 198 333
173 174 200 334
173 200 199 335
174 175 201 336
174 201 200 337
175 176 202 338
175 202 201 339
176 177 203 340
176 203 202 341
177 178 204 342
177 204 203 343
178 179 205 344
178 205 204 345
179 180 206 346
179 206 205 347
180 181 207 348
180 207 206 349
182 183 209 350
182 209 208 351
183 184 210 352
183 210 209 353
184 185 211 354
184 211 210 355
185 186 212 356
185 212 211 357
186 187 213 358
186 213 212 359
187 188 214 360
187 214 213 361
188 189 215 362
188 215 214 363
189 190 216 364
189 216 215 365
190 191 217 366
190 217 216 367
191 192 218 368
191 218 217 369
192 193 219 370
192 219 218 371
193 194 220 372
193 220 219 373
194 195 221 374
194 221 220 375
195 196 222 376
195 222 221 377
196 197 223 378
196 223 222 379
197 198 224 380
197 224 223 381
198 199 225 382
198 225 224 383
199 200 226 384
199 226 225 385
200 201 227 386
200 227 226 387
201 202 228 388
201 228 227 389
202 203 229 390
202 229 228 391
203 204 230 392
203 230 229 393
204 205 231 394
204 231 230 395
205 206 232 396
205 232 231 397
206 207 233 398
206 233 232 399
208 209 235 400
208 235 234 401
209 210 236 402
209 236 235 403
210 211 237 404
210 237 236 405
211 212 238 406
211 238 237 407
212 213 239 408
212 239 238 409
213 214 240 410
213 240 239 411
214 215 241 412
214 241 240 413
215 216 242 414
215 242 241 415
216 217 243 416
216 243 242 417
217 218 244 418
217 244 243 419
218 219 245 420
218 245 244 421
219 220 246 422
219 246 245 423
220 221 247 424
220 247 246 425
221 222 248 426
221 248 247 427
222 223 249 428
222 249 248 429
223 224 250 430
223 250 249 431
224 225 251 432
224 251 250 433
225 226 252 434
225 252 251 435
226 227 253 436
226 253 252 437
227 228 254 438
227 254 253 439
228 229 255 440
228 255 254 441
229 230 256 442
229 256 255 443
230 231 257 444
230 257 256 445
231 232 258 446
231 258 257 447
232 233 259 448
232 259 258 449
234 235 261 450
234 261 260 451
235 236 262 452
235 262 261 453
236 237 263 454
236 263 262 455
237 238 264 456
237 264 263 457
238 239 265 458
238 265 264 459
239 240 266 460
239 266 265 461
240 241 267 462
240 267 266 463
241 242 268 464
241 268 267 465
242 243 269 466
242 269 268 467
243 244 270 468
243 270 269 469
244 245 271 470
244 271 270 471
245 246 272 472
245 272 271 473
246 247 273 474
246 273 272 475
247 248 274 476
247 274 273 477
248 249 275 478
248 275 274 479
249 250 276 480
249 276 275 481
250 251 277 482
250 277 276 483
251 252 278 484
251 278 277 485
252 253 279 486
252 279 278 487
253 254 280 488
253 280 279 489
254 255 281 490
254 281 280 491
255 256 282 492
255 282 281 493
256 257 283 494
256 283 282 495
257 258 284 496
257 284 283 497
258 259 285 498
258 285 284 499
260 261 287 500
260 287 286 501
261 262 288 502
261 288 287 503
262 263 289 504
262 289 288 505
263 264 290 506
263 290 289 507
264 265 291 508
264 291 290 509
265 266 292 510
265 292 291 511
266 267 293 512
266 293 292 513
267 268 294 514
267 294 293 515
268 269 295 516
268 295 294 517
269 270 296 518
269 296 295 519
270 271 297 520
270 297 296 521
271 272 298 522
271 298 297 523
272 273 299 524
272 299 298 525
273 274 300 526
273 300 299 527
274 275 301 528
274 301 300 529
275 276 302 530
275 302 301 531
276 277 303 532
276 303 302 533
277 278 304 534
277 304 303 535
278 279 305 536
278 305 304 537
279 280 306 538
279 306 305 539
280 281 307 540
280 307 306 541
281 282 308 542
281 308 307 543
282 283 309 544
282 309 308 545
283 284 310 546
283 310 309 547
284 285 311 548
284 311 310 549
286 287 313 550
286 313 312 551
287 288 314 552
287 314 313 553
288 289 315 554
288 315 314 555
289 290 316 556
289 316 315 557
290 291 317 558
290 317 316 559
291 292 318 560
291 318 317 561
292 293 319 562
292 319 318 563
293 294 320 564
293 320 319 565
294 295 321 566
294 321 320 567
295 296 322 568
295 322 321 569
296 297 323 570
296 323 322 571
297 298 324 572
297 324 323 573
298 299 325 574
298 325 324 575
299 300 326 576
299 326 325 577
300 301 327 578
300 327 326 579
301 302 328 580
301 328 327 581
302 303 329 582
302 329 328 583
303 304 330 584
303 330 329 585
304 305 331 586
304 331 330 587
305 306 332 588
305 332 331 589
306 307 333 590
306 333 332 591
307 308 334 592
307 334 333 593
308 309 335 594
308 335 334 595
309 310 336 596
309 336 335 597
310 311 337 598
310 337 336 599
312 313 339 600
312 339 338 601
313 314 340 602
313 340 339 603
314 315 341 604
314 341 340 605
315 316 342 606
315 342 341 607
316 317 343 608
316 343 342 609
317 318 344 610
317 344 343 611
318 319 345 612
318 345 344 613
319 320 346 614
319 346 345 615
320 321 347 616
320 347 346 617
321 322 348 618
321 348 347 619
322 323 349 620
322 349 348 621
323 324 350 622
323 350 349 623
324 325 351 624
324 351 350 625
325 326 352 626
325 352 351 627
326 327 353 628
326 353 352 629
327 328 354 630
327 354 353 631
328 329 355 632
328 355 354 633
329 330 356 634
329 356 355 635
330 331 357 636
330 357 356 637
331 332 358 638
331 358 357 639
332 333 359 640
332 359 358 641
333 334 360 642
333 360 359 643
334 335 361 644
334 361 360 645
335 336 362 646
335 362 361 647
336 337 363 648
336 363 362 649
338 339 365 650
338 365 364 651
339 340 366 652
339 366 365 653
340 341 367 654
340 367 366 655
341 342 368 656
341 368 367 657
342 343 369 658
342 369 368 659
343 344 370 660
343 370 369 661
344 345 371 662
344 371 370 663
345 346 372 664
345 372 371 665
346 347 373 666
346 373 372 667
347 348 374 668
347 374 373 669
348 349 375 670
348 375 374 671
349 350 376 672
349 376 375 673
350 351 377 674
350 377 376 675
351 352 378 676
351 378 377 677
352 353 379 678
352 379 378 679
353 354 380 680
353 380 379 681
354 355 381 682
354 381 380 683
355 356 382 684
355 382 381 685
356 357 383 686
356 383 382 687
357 358 384 688
357 384 383 689
358 359 385 690
358 385 384 691
359 360 386 692
359 386 385 693
360 361 387 694
360 387 386 695
361 362 388 696
361 388 387 697
362 363 389 698
362 389 388 699
364 365 391 700
364 391 390 701
365 366 392 702
365 392 391 703
366 367 393 704
366 393 392 705
367 368 394 706
367 394 393 707
368 369 395 708
368 395 394 709
369 370 396 710
369 396 395 711
370 371 397 712
370 397 396 713
371 372 398 714
371 398 397 715
372 373 399 716
372 399 398 717
373 374 400 718
373 400 399 719
374 375 401 720
374 401 400 721
375 376 402 722
375 402 401 723
376 377 403 724
376 403 402 725
377 378 404 726
377 404 403 727
378 379 405 728
378 405 404 729
379 380 406 730
379 406 405 731
380 381 407 732
380 407 406 733
381 382 408 734
381 408 407 735
382 383 409 736
382 409 408 737
383 384 410 738
383 410 409 739
384 385 411 740
384 411 410 741
385 386 412 742
385 412 411 743
386 387 413 744
386 413 412 745
387 388 414 746
387 414 413 747
388 389 415 748
388 415 414 749
390 391 417 750
390 417 416 751
391 392 418 752
391 418 417 753
392 393 419 754
392 419 418 755
393 394 420 756
393 420 419 757
394 395 421 758
394 421 420 759
395 396 422 760
395 422 421 761
396 397 423 762
396 423 422 763
397 398 424 764
397 424 423 765
398 399 425 766
398 425 424 767
399 400 426 768
399 426 425 769
400 401 427 770
400 427 426 771
401 402 428 772
401 428 427 773
402 403 429 774
402 429 428 775
403 404 430 776
403 430 429 777
404 405 431 778
404 431 430 779
405 406 432 780
405 432 431 781
406 407 433 782
406 433 432 783
407 408 434 784
407 434 433 785
408 409 435 786
408 435 434 787
409 410 436 788
409 436 435 789
410 411 437 790
410 437 436 791
411 412 438 792
411 438 437 793
412 413 439 794
412 439 438 795
413 414 440 796
413 440 439 797
414 415 441 798
414 441 440 799
416 417 443 800
416 443 442 801
417 418 444 802
417 444 443 803
418 419 445 804
418 445 444 805
419 420 446 806
419 446 445 807
420 421 447 808
420 447 446 809
421 422 448 810
421 448 447 811
422 423 449 812
422 449 448 813
423 424 450 814
423 450 449 815
424 425 451 816
424 451 450 817
425 426 452 818
425 452 451 819
426 427 453 820
426 453 452 821
427 428 454 822
427 454 453 823
428 429 455 824
428 455 454 825
429 430 456 826
429 456 455 827
430 431 457 828
430 457 456 829
431 432 458 830
431 458 457 831
432 433 459 832
432 459 458 833
433 434 460 834
433 460 459 835
434 435 461 836
434 461 460 837
435 436 462 838
435 462 461 839
436 437 463 840
436 463 462 841
437 438 464 842
437 464 463 843
438 439 465 844
438 465 464 845
439 440 466 846
439 466 465 847
440 441 467 848
440 467 466 849
442 443 469 850
442 469 468 851
443 444 470 852
443 470 469 853
444 445 471 854
444 471 470 855
445 446 472 856
445 472 471 857
446 447 473 858
446 473 472 859
447 448 474 860
447 474 473 861
448 449 475 862
448 475 474 863
449 450 476 864
449 476 475 865
450 451 477 866
450 477 476 867
451 452 478 868
451 478 477 869
452 453 479 870
452 479 478 871
453 454 480 872
453 480 479 873
454 455 481 874
454 481 480 875
455 456 482 876
455 482 481 877
456 457 483 878
456 483 482 879
457 458 484 880
457 484 483 881
458 459 485 882
458 485 484 883
459 460 486 884
459 486 485 885
460 461 487 886
460 487 486 887
461 462 488 888
461 488 487 889
462 463 489 890
462 489 488 891
463 464 490 892
463 490 489 893
464 465 491 894
464 491 490 895
465 466 492 896
465 492 491 897
466 467 493 898
466 493 492 899
468 469 495 900
468 495 494 901
469 470 496 902
469 496 495 903
470 471 497 904
470 497 496 905
471 472 498 906
471 498 497 907
472 473 499 908
472 499 498 909
473 474 500 910
473 500 499 911
474 475 501 912
474 501 500 913
475 476 502 914
475 502 501 915
476 477 503 916
476 503 502 917
477 478 504 918
477 504 503 919
478 479 505 920
478 505 504 921
479 480 506 922
479 506 505 923
480 481 507 924
480 507 506 925
481 482 508 926
481 508 507 927
482 483 509 928
482 509 508 929
483 484 510 930
483 510 509 931
484 485 511 932
484 511 510 933
485 486 512 934
485 512 511 935
486 487 513 936
486 513 512 937
487 488 514 938
487 514 513 939
488 489 515 940
488 515 514 941
489 490 516 942
489 516 515 943
490 491 517 944
490 517 516 945
491 492 518 946
491 518 517 947
492 493 519 948
492 519 518 949
[-1.23607, -0.195774, -3.7082]
[2.16312, 0.342604, 6.48936]
[-0.927051, -0.14683, -0.927051]
[1.23607, 0.195774, 1.23607]
[-0.618034, -0.0978869, -0.618034]
[0.927051, 0.14683, 0.927051]
[-0.927051, -0.14683, 0.927051]
[0.618034, 0.0978869, -0.618034]
[-1.23607, -0.195774, 1.23607]
[0.927051, 0.14683, -0.927051]
[-1.8541, -0.293661, 3.7082]
[1.23607, 0.195774, -2.47214]
[-2.47214, -0.391548, 4.94427]
[1.8541, 0.293661, -3.7082]
[-3.39919, -0.538378, 10.1976]
[2.47214, 0.391548, -7.41641]
[-13.5967, -2.15351, -0]
[13.5967, 2.15351, 0]
[-6.79837, -1.07676, -0]
[6.79837, 1.07676, 0]
[-6.79837, -1.07676, -0]
[6.79837, 1.07676, 0]
[-6.79837, -1.07676, -0]
[6.79837, 1.07676, 0]
[-2.78115, -0.440491, -5.56231]
[3.39919, 0.538378, 6.79837]
[-2.16312, -0.342604, -4.32624]
[2.78115, 0.440491, 5.56231]
[-1.8541, -0.293661, -1.8541]
[2.16312, 0.342604, 2.16312]
[-1.8541, -0.293661, -0]
[1.8541, 0.293661, 0]
[-1.8541, -0.293661, -0]
[1.8541, 0.293661, 0]
[-1.8541, -0.293661, -0]
[1.8541, 0.293661, 0]
[-1.8541, -0.293661, -0]
[1.8541, 0.293661, 0]
[-2.16312, -0.342604, 2.16312]
[1.8541, 0.293661, -1.8541]
[-2.47214, -0.391548, 2.47214]
[2.16312, 0.342604, -2.16312]
[-2.78115, -0.440491, 2.78115]
[2.47214, 0.391548, -2.47214]
[-3.09017, -0.489434, 3.09017]
[2.78115, 0.440491, -2.78115]
[-3.39919, -0.538378, 3.39919]
[3.09017, 0.489434, -3.09017]
[-4.63525, -0.734152, 18.541]
[3.39919, 0.538378, -13.5967]
[-1.11507, -0.568158, -3.7082]
[1.95138, 0.994277, 6.48936]
[-0.836305, -0.426119, -0.927051]
[1.11507, 0.568158, 1.23607]
[-0.557536, -0.284079, -0.618034]
[0.836305, 0.426119, 0.927051]
[-0.836305, -0.426119, 0.927051]
[0.557536, 0.284079, -0.618034]
[-1.11507, -0.568158, 1.23607]
[0.836305, 0.426119, -0.927051]
[-1.67261, -0.852237, 3.7082]
[1.11507, 0.568158, -2.47214]
[-2.23015, -1.13632, 4.94427]
[1.67261, 0.852237, -3.7082]
[-3.06645, -1.56244, 10.1976]
[2.23015, 1.13632, -7.41641]
[-12.2658, -6.24974, -0]
[12.2658, 6.24974, 0]
[-6.1329, -3.12487, -0]
[6.1329, 3.12487, 0]
[-6.1329, -3.12487, -0]
[6.1329, 3.12487, 0]
[-6.1329, -3.12487, -0]
[6.1329, 3.12487, 0]
[-2.50891, -1.27836, -5.56231]
[3.06645, 1.56244, 6.79837]
[-1.95138, -0.994277, -4.32624]
[2.50891, 1.27836, 5.56231]
[-1.67261, -0.852237, -1.8541]
[1.95138, 0.994277, 2.16312]
[-1.67261, -0.852237, -0]
[1.67261, 0.852237, 0]
[-1.67261, -0.852237, -0]
[1.67261, 0.852237, 0]
[-1.67261, -0.852237, -0]
[1.67261, 0.852237, 0]
[-1.67261, -0.852237, -0]
[1.67261, 0.852237, 0]
[-1.95138, -0.994277, 2.16312]
[1.67261, 0.852237, -1.8541]
[-2.23015, -1.13632, 2.47214]
[1.95138, 0.994277, -2.16312]
[-2.50891, -1.27836, 2.78115]
[2.23015, 1.13632, -2.47214]
[-2.78768, -1.4204, 3.09017]
[2.50891, 1.27836, -2.78115]
[-3.06645, -1.56244, 3.39919]
[2.78768, 1.4204, -3.09017]
[-4.18152, -2.13059, 18.541]
[3.06645, 1.56244, -13.5967]
[-0.884927, -0.884927, -3.7082]
[1.54862, 1.54862, 6.48936]
[-0.663695, -0.663695, -0.927051]
[0.884927, 0.884927, 1.23607]
[-0.442464, -0.442464, -0.618034]
[0.663695, 0.663695, 0.927051]
[-0.663695, -0.663695, 0.927051]
[0.442464, 0.442464, -0.618034]
[-0.884927, -0.884927, 1.23607]
[0.663695, 0.663695, -0.927051]
[-1.32739, -1.32739, 3.7082]
[0.884927, 0.884927, -2.47214]
[-1.76985, -1.76985, 4.94427]
[1.32739, 1.32739, -3.7082]
[-2.43355, -2.43355, 10.1976]
[1.76985, 1.76985, -7.41641]
[-9.7342, -9.7342, -0]
[9.7342, 9.7342, 0]
[-4.8671, -4.8671, -0]
[4.8671, 4.8671, 0]
[-4.8671, -4.8671, -0]
[4.8671, 4.8671, 0]
[-4.8671, -4.8671, -0]
[4.8671, 4.8671, 0]
[-1.99109, -1.99109, -5.56231]
[2.43355, 2.43355, 6.79837]
[-1.54862, -1.54862, -4.32624]
[1.99109, 1.99109, 5.56231]
[-1.32739, -1.32739, -1.8541]
[1.54862, 1.54862, 2.16312]
[-1.32739, -1.32739, -0]
[1.32739, 1.32739, 0]
[-1.32739, -1.32739, -0]
[1.32739, 1.32739, 0]
[-1.32739, -1.32739, -0]
[1.32739, 1.32739, 0]
[-1.32739, -1.32739, -0]
[1.32739, 1.32739, 0]
[-1.54862, -1.54862, 2.16312]
[1.32739, 1.32739, -1.8541]
[-1.76985, -1.76985, 2.47214]
[1.54862, 1.54862, -2.16312]
[-1.99109, -1.99109, 2.78115]
[1.76985, 1.76985, -2.47214]
[-2.21232, -2.21232, 3.09017]
[1.99109, 1.99109, -2.78115]
[-2.43355, -2.43355, 3.39919]
[2.21232, 2.21232, -3.09017]
[-3.31848, -3.31848, 18.541]
[2.43355, 2.43355, -13.5967]
[-0.568158, -1.11507, -3.7082]
[0.994277, 1.95138, 6.48936]
[-0.426119, -0.836305, -0.927051]
[0.568158, 1.11507, 1.23607]
[-0.284079, -0.557536, -0.618034]
[0.426119, 0.836305, 0.927051]
[-0.426119, -0.836305, 0.927051]
[0.284079, 0.557536, -0.618034]
[-0.568158, -1.11507, 1.23607]
[0.426119, 0.836305, -0.927051]
[-0.852237, -1.67261, 3.7082]
[0.568158, 1.11507, -2.47214]
[-1.13632, -2.23015, 4.94427]
[0.852237, 1.67261, -3.7082]
[-1.56244, -3.06645, 10.1976]
[1.13632, 2.23015, -7.41641]
[-6.24974, -12.2658, -0]
[6.24974, 12.2658, 0]
[-3.12487, -6.1329, -0]
[3.12487, 6.1329, 0]
[-3.12487, -6.1329, -0]
[3.12487, 6.1329, 0]
[-3.12487, -6.1329, -0]
[3.12487, 6.1329, 0]
[-1.27836, -2.50891, -5.56231]
[1.56244, 3.06645, 6.79837]
[-0.994277, -1.95138, -4.32624]
[1.27836, 2.50891, 5.56231]
[-0.852237, -1.67261, -1.8541]
[0.994277, 1.95138, 2.16312]
[-0.852237, -1.67261, -0]
[0.852237, 1.67261, 0]
[-0.852237, -1.67261, -0]
[0.852237, 1.67261, 0]
[-0.852237, -1.67261, -0]
[0.852237, 1.67261, 0]
[-0.852237, -1.67261, -0]
[0.852237, 1.67261, 0]
[-0.994277, -1.95138, 2.16312]
[0.852237, 1.67261, -1.8541]
[-1.13632, -2.23015, 2.47214]
[0.994277, 1.95138, -2.16312]
[-1.27836, -2.50891, 2.78115]
[1.13632, 2.23015, -2.47214]
[-1.4204, -2.78768, 3.09017]
[1.27836, 2.50891, -2.78115]
[-1.56244, -3.06645, 3.39919]
[1.4204, 2.78768, -3.09017]
[-2.13059, -4.18152, 18.541]
[1.56244, 3.06645, -13.5967]
[-0.195774, -1.23607, -3.7082]
[0.342604, 2.16312, 6.48936]
[-0.14683, -0.927051, -0.927051]
[0.195774, 1.23607, 1.23607]
[-0.0978869, -0.618034, -0.618034]
[0.14683, 0.927051, 0.927051]
[-0.14683, -0.927051, 0.927051]
[0.0978869, 0.618034, -0.618034]
[-0.195774, -1.23607, 1.23607]
[0.14683, 0.927051, -0.927051]
[-0.293661, -1.8541, 3.7082]
[0.195774, 1.23607, -2.47214]
[-0.391548, -2.47214, 4.94427]
[0.293661, 1.8541, -3.7082]
[-0.538378, -3.39919, 10.1976]
[0.391548, 2.47214, -7.41641]
[-2.15351, -13.5967, -0]
[2.15351, 13.5967, 0]
[-1.07676, -6.79837, -0]
[1.07676, 6.79837, 0]
[-1.07676, -6.79837, -0]
[1.07676, 6.79837, 0]
[-1.07676, -6.79837, -0]
[1.07676, 6.79837, 0]
[-0.440491, -2.78115, -5.56231]
[0.538378, 3.39919, 6.79837]
[-0.342604, -2.16312, -4.32624]
[0.440491, 2.78115, 5.56231]
[-0.293661, -1.8541, -1.8541]
[0.342604, 2.16312, 2.16312]
[-0.293661, -1.8541, -0]
[0.293661, 1.8541, 0]
[-0.293661, -1.8541, -0]
[0.293661, 1.8541, 0]
[-0.293661, -1.8541, -0]
[0.293661, 1.8541, 0]
[-0.293661, -1.8541, -0]
[0.293661, 1.8541, 0]
[-0.342604, -2.16312, 2.16312]
[0.293661, 1.8541, -1.8541]
[-0.391548, -2.47214, 2.47214]
[0.342604, 2.16312, -2.16312]
[-0.440491, -2.78115, 2.78115]
[0.391548, 2.47214, -2.47214]
[-0.489434, -3.09017, 3.09017]
[0.440491, 2.78115, -2.78115]
[-0.538378, -3.39919, 3.39919]
[0.489434, 3.09017, -3.09017]
[-0.734152, -4.63525, 18.541]
[0.538378, 3.39919, -13.5967]
[0.195774, -1.23607, -3.7082]
[-0.342604, 2.16312, 6.48936]
[0.14683, -0.927051, -0.927051]
[-0.195774, 1.23607, 1.23607]
[0.0978869, -0.618034, -0.618034]
[-0.14683, 0.927051, 0.927051]
[0.14683, -0.927051, 0.927051]
[-0.0978869, 0.618034, -0.618034]
[0.195774, -1.23607, 1.23607]
[-0.14683, 0.927051, -0.927051]
[0.293661, -1.8541, 3.7082]
[-0.195774, 1.23607, -2.47214]
[0.391548, -2.47214, 4.94427]
[-0.293661, 1.8541, -3.7082]
[0.538378, -3.39919, 10.1976]
[-0.391548, 2.47214, -7.41641]
[2.15351, -13.5967, 0]
[-2.15351, 13.5967, 0]
[1.07676, -6.79837, 0]
[-1.07676, 6.79837, 0]
[1.07676, -6.79837, 0]
[-1.07676, 6.79837, 0]
[1.07676, -6.79837, 0]
[-1.07676, 6.79837, 0]
[0.440491, -2.78115, -5.56231]
[-0.538378, 3.39919, 6.79837]
[0.342604, -2.16312, -4.32624]
[-0.440491, 2.78115, 5.56231]
[0.293661, -1.8541, -1.8541]
[-0.342604, 2.16312, 2.16312]
[0.293661, -1.8541, 0]
[-0.293661, 1.8541, 0]
[0.293661, -1.8541, 0]
[-0.293661, 1.8541, 0]
[0.293661, -1.8541, 0]
[-0.293661, 1.8541, 0]
[0.293661, -1.8541, 0]
[-0.293661, 1.8541, 0]
[0.342604, -2.16312, 2.16312]
[-0.293661, 1.8541, -1.8541]
[0.391548, -2.47214, 2.47214]
[-0.342604, 2.16312, -2.16312]
[0.440491, -2.78115, 2.78115]
[-0.391548, 2.47214, -2.47214]
[0.489434, -3.09017, 3.09017]
[-0.440491, 2.78115, -2.78115]
[0.538378, -3.39919, 3.39919]
[-0.489434, 3.09017, -3.09017]
[0.734152, -4.63525, 18.541]
[-0.538378, 3.39919, -13.5967]
[0.568158, -1.11507, -3.7082]
[-0.994277, 1.95138, 6.48936]
[0.426119, -0.836305, -0.927051]
[-0.568158, 1.11507, 1.23607]
[0.284079, -0.557536, -0.618034]
[-0.426119, 0.836305, 0.927051]
[0.426119, -0.836305, 0.927051]
[-0.284079, 0.557536, -0.618034]
[0.568158, -1.11507, 1.23607]
[-0.426119, 0.836305, -0.927051]
[0.852237, -1.67261, 3.7082]
[-0.568158, 1.11507, -2.47214]
[1.13632, -2.23015, 4.94427]
[-0.852237, 1.67261, -3.7082]
[1.56244, -3.06645, 10.1976]
[-1.13632, 2.23015, -7.41641]
[6.24974, -12.2658, 0]
[-6.24974, 12.2658, 0]
[3.12487, -6.1329, 0]
[-3.12487, 6.1329, 0]
[3.12487, -6.1329, 0]
[-3.12487, 6.1329, 0]
[3.12487, -6.1329, 0]
[-3.12487, 6.1329, 0]
[1.27836, -2.50891, -5.56231]
[-1.56244, 3.06645, 6.79837]
[0.994277, -1.95138, -4.32624]
[-1.27836, 2.50891, 5.56231]
[0.852237, -1.67261, -1.8541]
[-0.994277, 1.95138, 2.16312]
[0.852237, -1.67261, 0]
[-0.852237, 1.67261, 0]
[0.852237, -1.67261, 0]
[-0.852237, 1.67261, 0]
[0.852237, -1.67261, 0]
[-0.852237, 1.67261, 0]
[0.852237, -1.67261, 0]
[-0.852237, 1.67261, 0]
[0.994277, -1.95138, 2.16312]
[-0.852237, 1.67261, -1.8541]
[1.13632, -2.23015, 2.47214]
[-0.994277, 1.95138, -2.16312]
[1.27836, -2.50891, 2.78115]
[-1.13632, 2.23015, -2.47214]
[1.4204, -2.78768, 3.09017]
[-1.27836, 2.50891, -2.78115]
[1.56244, -3.06645, 3.39919]
[-1.4204, 2.78768, -3.09017]
[2.13059, -4.18152, 18.541]
[-1.56244, 3.06645, -13.5967]
[0.884927, -0.884927, -3.7082]
[-1.54862, 1.54862, 6.48936]
[0.663695, -0.663695, -0.927051]
[-0.884927, 0.884927, 1.23607]
[0.442464, -0.442464, -0.618034]
[-0.663695, 0.663695, 0.927051]
[0.663695, -0.663695, 0.927051]
[-0.442464, 0.442464, -0.618034]
[0.884927, -0.884927, 1.23607]
[-0.663695, 0.663695, -0.927051]
[1.32739, -1.32739, 3.7082]
[-0.884927, 0.884927, -2.47214]
[1.76985, -1.76985, 4.94427]
[-1.32739, 1.32739, -3.7082]
[2.43355, -2.43355, 10.1976]
[-1.76985, 1.76985, -7.41641]
[9.7342, -9.7342, 0]
[-9.7342, 9.7342, 0]
[4.8671, -4.8671, 0]
[-4.8671, 4.8671, 0]
[4.8671, -4.8671, 0]
[-4.8671, 4.8671, 0]
[4.8671, -4.8671, 0]
[-4.8671, 4.8671, 0]
[1.99109, -1.99109, -5.56231]
[-2.43355, 2.43355, 6.79837]
[1.54862, -1.54862, -4.32624]
[-1.99109, 1.99109, 5.56231]
[1.32739, -1.32739, -1.8541]
[-1.54862, 1.54862, 2.16312]
[1.32739, -1.32739, 0]
[-1.32739, 1.32739, 0]
[1.32739, -1.32739, 0]
[-1.32739, 1.32739, 0]
[1.32739, -1.32739, 0]
[-1.32739, 1.32739, 0]
[1.32739, -1.32739, 0]
[-1.32739, 1.32739, 0]
[1.54862, -1.54862, 2.16312]
[-1.32739, 1.32739, -1.8541]
[1.76985, -1.76985, 2.47214]
[-1.54862, 1.54862, -2.16312]
[1.99109, -1.99109, 2.78115]
[-1.76985, 1.76985, -2.47214]
[2.21232, -2.21232, 3.09017]
[-1.99109, 1.99109, -2.78115]
[2.43355, -2.43355, 3.39919]
[-2.21232, 2.21232, -3.09017]
[3.31848, -3.31848, 18.541]
[-2.43355, 2.43355, -13.5967]
[1.11507, -0.568158, -3.7082]
[-1.95138, 0.994277, 6.48936]
[0.836305, -0.426119, -0.927051]
[-1.11507, 0.568158, 1.23607]
[0.557536, -0.284079, -0.618034]
[-0.836305, 0.426119, 0.927051]
[0.836305, -0.426119, 0.927051]
[-0.557536, 0.284079, -0.618034]
[1.11507, -0.568158, 1.23607]
[-0.836305, 0.426119, -0.927051]
[1.67261, -0.852237, 3.7082]
[-1.11507, 0.568158, -2.47214]
[2.23015, -1.13632, 4.94427]
[-1.67261, 0.852237, -3.7082]
[3.06645, -1.56244, 10.1976]
[-2.23015, 1.13632, -7.41641]
[12.2658, -6.24974, 0]
[-12.2658, 6.24974, 0]
[6.1329, -3.12487, 0]
[-6.1329, 3.12487, 0]
[6.1329, -3.12487, 0]
[-6.1329, 3.12487, 0]
[6.1329, -3.12487, 0]
[-6.1329, 3.12487, 0]
[2.50891, -1.27836, -5.56231]
[-3.06645, 1.56244, 6.79837]
[1.95138, -0.994277, -4.32624]
[-2.50891, 1.27836, 5.56231]
[1.67261, -0.852237, -1.8541]
[-1.95138, 0.994277, 2.16312]
[1.67261, -0.852237, 0]
[-1.67261, 0.852237, 0]
[1.67261, -0.852237, 0]
[-1.67261, 0.852237, 0]
[1.67261, -0.852237, 0]
[-1.67261, 0.852237, 0]
[1.67261, -0.852237, 0]
[-1.67261, 0.852237, 0]
[1.95138, -0.994277, 2.16312]
[-1.67261, 0.852237, -1.8541]
[2.23015, -1.13632, 2.47214]
[-1.95138, 0.994277, -2.16312]
[2.50891, -1.27836, 2.78115]
[-2.23015, 1.13632, -2.47214]
[2.78768, -1.4204, 3.09017]
[-2.50891, 1.27836, -2.78115]
[3.06645, -1.56244, 3.39919]
[-2.78768, 1.4204, -3.09017]
[4.18152, -2.13059, 18.541]
[-3.06645, 1.56244, -13.5967]
[1.23607, -0.195774, -3.7082]
[-2.16312, 0.342604, 6.48936]
[0.927051, -0.14683, -0.927051]
[-1.23607, 0.195774, 1.23607]
[0.618034, -0.0978869, -0.618034]
[-0.927051, 0.14683, 0.927051]
[0.927051, -0.14683, 0.927051]
[-0.618034, 0.0978869, -0.618034]
[1.23607, -0.195774, 1.23607]
[-0.927051, 0.14683, -0.927051]
[1.8541, -0.293661, 3.7082]
[-1.23607, 0.195774, -2.47214]
[2.47214, -0.391548, 4.94427]
[-1.8541, 0.293661, -3.7082]
[3.39919, -0.538378, 10.1976]
[-2.47214, 0.391548, -7.41641]
[13.5967, -2.15351, 0]
[-13.5967, 2.15351, 0]
[6.79837, -1.07676, 0]
[-6.79837, 1.07676, 0]
[6.79837, -1.07676, 0]
[-6.79837, 1.07676, 0]
[6.79837, -1.07676, 0]
[-6.79837, 1.07676, 0]
[2.78115, -0.440491, -5.56231]
[-3.39919, 0.538378, 6.79837]
[2.16312, -0.342604, -4.32624]
[-2.78115, 0.440491, 5.56231]
[1.8541, -0.293661, -1.8541]
[-2.16312, 0.342604, 2.16312]
[1.8541, -0.293661, 0]
[-1.8541, 0.293661, 0]
[1.8541, -0.293661, 0]
[-1.8541, 0.293661, 0]
[1.8541, -0.293661, 0]
[-1.8541, 0.293661, 0]
[1.8541, -0.293661, 0]
[-1.8541, 0.293661, 0]
[2.16312, -0.342604, 2.16312]
[-1.8541, 0.293661, -1.8541]
[2.47214, -0.391548, 2.47214]
[-2.16312, 0.342604, -2.16312]
[2.78115, -0.440491, 2.78115]
[-2.47214, 0.391548, -2.47214]
[3.09017, -0.489434, 3.09017]
[-2.78115, 0.440491, -2.78115]
[3.39919, -0.538378, 3.39919]
[-3.09017, 0.489434, -3.09017]
[4.63525, -0.734152, 18.541]
[-3.39919, 0.538378, -13.5967]
[1.23607, 0.195774, -3.7082]
[-2.16312, -0.342604, 6.48936]
[0.927051, 0.14683, -0.927051]
[-1.23607, -0.195774, 1.23607]
[0.618034, 0.0978869, -0.618034]
[-0.927051, -0.14683, 0.927051]
[0.927051, 0.14683, 0.927051]
[-0.618034, -0.0978869, -0.618034]
[1.23607, 0.195774, 1.23607]
[-0.927051, -0.14683, -0.927051]
[1.8541, 0.293661, 3.7082]
[-1.23607, -0.195774, -2.47214]
[2.47214, 0.391548, 4.94427]
[-1.8541, -0.293661, -3.7082]
[3.39919, 0.538378, 10.1976]
[-2.47214, -0.391548, -7.41641]
[13.5967, 2.15351, 0]
[-13.5967, -2.15351, 0]
[6.79837, 1.07676, 0]
[-6.79837, -1.07676, 0]
[6.79837, 1.07676, 0]
[-6.79837, -1.07676, 0]
[6.79837, 1.07676, 0]
[-6.79837, -1.07676, 0]
[2.78115, 0.440491, -5.56231]
[-3.39919, -0.538378, 6.79837]
[2.16312, 0.342604, -4.32624]
[-2.78115, -0.440491, 5.56231]
[1.8541, 0.293661, -1.8541]
[-2.16312, -0.342604, 2.16312]
[1.8541, 0.293661, 0]
[-1.8541, -0.293661, 0]
[1.8541, 0.293661, 0]
[-1.8541, -0.293661, 0]
[1.8541, 0.293661, 0]
[-1.8541, -0.293661, 0]
[1.8541, 0.293661, 0]
[-1.8541, -0.293661, 0]
[2.16312, 0.342604, 2.16312]
[-1.8541, -0.293661, -1.8541]
[2.47214, 0.391548, 2.47214]
[-2.16312, -0.342604, -2.16312]
[2.78115, 0.440491, 2.78115]
[-2.47214, -0.391548, -2.47214]
[3.09017, 0.489434, 3.09017]
[-2.78115, -0.440491, -2.78115]
[3.39919, 0.538378, 3.39919]
[-3.09017, -0.489434, -3.09017]
[4.63525, 0.734152, 18.541]
[-3.39919, -0.538378, -13.5967]
[1.11507, 0.568158, -3.7082]
[-1.95138, -0.994277, 6.48936]
[0.836305, 0.426119, -0.927051]
[-1.11507, -0.568158, 1.23607]
[0.557536, 0.284079, -0.618034]
[-0.836305, -0.426119, 0.927051]
[0.836305, 0.426119, 0.927051]
[-0.557536, -0.284079, -0.618034]
[1.11507, 0.568158, 1.23607]
[-0.836305, -0.426119, -0.927051]
[1.67261, 0.852237, 3.7082]
[-1.11507, -0.568158, -2.47214]
[2.23015, 1.13632, 4.94427]
[-1.67261, -0.852237, -3.7082]
[3.06645, 1.56244, 10.1976]
[-2.23015, -1.13632, -7.41641]
[12.2658, 6.24974, 0]
[-12.2658, -6.24974, 0]
[6.1329, 3.12487, 0]
[-6.1329, -3.12487, 0]
[6.1329, 3.12487, 0]
[-6.1329, -3.12487, 0]
[6.1329, 3.12487, 0]
[-6.1329, -3.12487, 0]
[2.50891, 1.27836, -5.56231]
[-3.06645, -1.56244, 6.79837]
[1.95138, 0.994277, -4.32624]
[-2.50891, -1.27836, 5.56231]
[1.67261, 0.852237, -1.8541]
[-1.95138, -0.994277, 2.16312]
[1.67261, 0.852237, 0]
[-1.67261, -0.852237, 0]
[1.67261, 0.852237, 0]
[-1.67261, -0.852237, 0]
[1.67261, 0.852237, 0]
[-1.67261, -0.852237, 0]
[1.67261, 0.852237, 0]
[-1.67261, -0.852237, 0]
[1.95138, 0.994277, 2.16312]
[-1.67261, -0.852237, -1.8541]
[2.23015, 1.13632, 2.47214]
[-1.95138, -0.994277, -2.16312]
[2.50891, 1.27836, 2.78115]
[-2.23015, -1.13632, -2.47214]
[2.78768, 1.4204, 3.09017]
[-2.50891, -1.27836, -2.78115]
[3.06645, 1.56244, 3.39919]
[-2.78768, -1.4204, -3.09017]
[4.18152, 2.13059, 18.541]
[-3.06645, -1.56244, -13.5967]
[0.884927, 0.884927, -3.7082]
[-1.54862, -1.54862, 6.48936]
[0.663695, 0.663695, -0.927051]
[-0.884927, -0.884927, 1.23607]
[0.442464, 0.442464, -0.618034]
[-0.663695, -0.663695, 0.927051]
[0.663695, 0.663695, 0.927051]
[-0.442464, -0.442464, -0.618034]
[0.884927, 0.884927, 1.23607]
[-0.663695, -0.663695, -0.927051]
[1.32739, 1.32739, 3.7082]
[-0.884927, -0.884927, -2.47214]
[1.76985, 1.76985, 4.94427]
[-1.32739, -1.32739, -3.7082]
[2.43355, 2.43355, 10.1976]
[-1.76985, -1.76985, -7.41641]
[9.7342, 9.7342, 0]
[-9.7342, -9.7342, 0]
[4.8671, 4.8671, 0]
[-4.8671, -4.8671, 0]
[4.8671, 4.8671, 0]
[-4.8671, -4.8671, 0]
[4.8671, 4.8671, 0]
[-4.8671, -4.8671, 0]
[1.99109, 1.99109, -5.56231]
[-2.43355, -2.43355, 6.79837]
[1.54862, 1.54862, -4.32624]
[-1.99109, -1.99109, 5.56231]
[1.32739, 1.32739, -1.8541]
[-1.54862, -1.54862, 2.16312]
[1.32739, 1.32739, 0]
[-1.32739, -1.32739, 0]
[1.32739, 1.32739, 0]
[-1.32739, -1.32739, 0]
[1.32739, 1.32739, 0]
[-1.32739, -1.32739, 0]
[1.32739, 1.32739, 0]
[-1.32739, -1.32739, 0]
[1.54862, 1.54862, 2.16312]
[-1.32739, -1.32739, -1.8541]
[1.76985, 1.76985, 2.47214]
[-1.54862, -1.54862, -2.16312]
[1.99109, 1.99109, 2.78115]
[-1.76985, -1.76985, -2.47214]
[2.21232, 2.21232, 3.09017]
[-1.99109, -1.99109, -2.78115]
[2.43355, 2.43355, 3.39919]
[-2.21232, -2.21232, -3.09017]
[3.31848, 3.31848, 18.541]
[-2.43355, -2.43355, -13.5967]
[0.568158, 1.11507, -3.7082]
[-0.994277, -1.95138, 6.48936]
[0.426119, 0.836305, -0.927051]
[-0.568158, -1.11507, 1.23607]
[0.284079, 0.557536, -0.618034]
[-0.426119, -0.836305, 0.927051]
[0.426119, 0.836305, 0.927051]
[-0.284079, -0.557536, -0.618034]
[0.568158, 1.11507, 1.23607]
[-0.426119, -0.836305, -0.927051]
[0.852237, 1.67261, 3.7082]
[-0.568158, -1.11507, -2.47214]
[1.13632, 2.23015, 4.94427]
[-0.852237, -1.67261, -3.7082]
[1.56244, 3.06645, 10.1976]
[-1.13632, -2.23015, -7.41641]
[6.24974, 12.2658, 0]
[-6.24974, -12.2658, 0]
[3.12487, 6.1329, 0]
[-3.12487, -6.1329, 0]
[3.12487, 6.1329, 0]
[-3.12487, -6.1329, 0]
[3.12487, 6.1329, 0]
[-3.12487, -6.1329, 0]
[1.27836, 2.50891, -5.56231]
[-1.56244, -3.06645, 6.79837]
[0.994277, 1.95138, -4.32624]
[-1.27836, -2.50891, 5.56231]
[0.852237, 1.67261, -1.8541]
[-0.994277, -1.95138, 2.16312]
[0.852237, 1.67261, 0]
[-0.852237, -1.67261, 0]
[0.852237, 1.67261, 0]
[-0.852237, -1.67261, 0]
[0.852237, 1.67261, 0]
[-0.852237, -1.67261, 0]
[0.852237, 1.67261, 0]
[-0.852237, -1.67261, 0]
[0.994277, 1.95138, 2.16312]
[-0.852237, -1.67261, -1.8541]
[1.13632, 2.23015, 2.47214]
[-0.994277, -1.95138, -2.16312]
[1.27836, 2.50891, 2.78115]
[-1.13632, -2.23015, -2.47214]
[1.4204, 2.78768, 3.09017]
[-1.27836, -2.50891, -2.78115]
[1.56244, 3.06645, 3.39919]
[-1.4204, -2.78768, -3.09017]
[2.13059, 4.18152, 18.541]
[-1.56244, -3.06645, -13.5967]
[0.195774, 1.23607, -3.7082]
[-0.342604, -2.16312, 6.48936]
[0.14683, 0.927051, -0.927051]
[-0.195774, -1.23607, 1.23607]
[0.0978869, 0.618034, -0.618034]
[-0.14683, -0.927051, 0.927051]
[0.14683, 0.927051, 0.927051]
[-0.0978869, -0.618034, -0.618034]
[0.195774, 1.23607, 1.23607]
[-0.14683, -0.927051, -0.927051]
[0.293661, 1.8541, 3.7082]
[-0.195774, -1.23607, -2.47214]
[0.391548, 2.47214, 4.94427]
[-0.293661, -1.8541, -3.7082]
[0.538378, 3.39919, 10.1976]
[-0.391548, -2.47214, -7.41641]
[2.15351, 13.5967, 0]
[-2.15351, -13.5967, 0]
[1.07676, 6.79837, 0]
[-1.07676, -6.79837, 0]
[1.07676, 6.79837, 0]
[-1.07676, -6.79837, 0]
[1.07676, 6.79837, 0]
[-1.07676, -6.79837, 0]
[0.440491, 2.78115, -5.56231]
[-0.538378, -3.39919, 6.79837]
[0.342604, 2.16312, -4.32624]
[-0.440491, -2.78115, 5.56231]
[0.293661, 1.8541, -1.8541]
[-0.342604, -2.16312, 2.16312]
[0.293661, 1.8541, 0]
[-0.293661, -1.8541, 0]
[0.293661, 1.8541, 0]
[-0.293661, -1.8541, 0]
[0.293661, 1.8541, 0]
[-0.293661, -1.8541, 0]
[0.293661, 1.8541, 0]
[-0.293661, -1.8541, 0]
[0.342604, 2.16312, 2.16312]
[-0.293661, -1.8541, -1.8541]
[0.391548, 2.47214, 2.47214]
[-0.342604, -2.16312, -2.16312]
[0.440491, 2.78115, 2.78115]
[-0.391548, -2.47214, -2.47214]
[0.489434, 3.09017, 3.09017]
[-0.440491, -2.78115, -2.78115]
[0.538378, 3.39919, 3.39919]
[-0.489434, -3.09017, -3.09017]
[0.734152, 4.63525, 18.541]
[-0.538378, -3.39919, -13.5967]
[-0.195774, 1.23607, -3.7082]
[0.342604, -2.16312, 6.48936]
[-0.14683, 0.927051, -0.927051]
[0.195774, -1.23607, 1.23607]
[-0.0978869, 0.618034, -0.618034]
[0.14683, -0.927051, 0.927051]
[-0.14683, 0.927051, 0.927051]
[0.0978869, -0.618034, -0.618034]
[-0.195774, 1.23607, 1.23607]
[0.14683, -0.927051, -0.927051]
[-0.293661, 1.8541, 3.7082]
[0.195774, -1.23607, -2.47214]
[-0.391548, 2.47214, 4.94427]
[0.293661, -1.8541, -3.7082]
[-0.538378, 3.39919, 10.1976]
[0.391548, -2.47214, -7.41641]
[-2.15351, 13.5967, 0]
[2.15351, -13.5967, 0]
[-1.07676, 6.79837, 0]
[1.07676, -6.79837, 0]
[-1.07676, 6.79837, 0]
[1.07676, -6.79837, 0]
[-1.07676, 6.79837, 0]
[1.07676, -6.79837, 0]
[-0.440491, 2.78115, -5.56231]
[0.538378, -3.39919, 6.79837]
[-0.342604, 2.16312, -4.32624]
[0.440491, -2.78115, 5.56231]
[-0.293661, 1.8541, -1.8541]
[0.342604, -2.16312, 2.16312]
[-0.293661, 1.8541, 0]
[0.293661, -1.8541, 0]
[-0.293661, 1.8541, 0]
[0.293661, -1.8541, 0]
[-0.293661, 1.8541, 0]
[0.293661, -1.8541, 0]
[-0.293661, 1.8541, 0]
[0.293661, -1.8541, 0]
[-0.342604, 2.16312, 2.16312]
[0.293661, -1.8541, -1.8541]
[-0.391548, 2.47214, 2.47214]
[0.342604, -2.16312, -2.16312]
[-0.440491, 2.78115, 2.78115]
[0.391548, -2.47214, -2.47214]
[-0.489434, 3.09017, 3.09017]
[0.440491, -2.78115, -2.78115]
[-0.538378, 3.39919, 3.39919]
[0.489434, -3.09017, -3.09017]
[-0.734152, 4.63525, 18.541]
[0.538378, -3.39919, -13.5967]
[-0.568158, 1.11507, -3.7082]
[0.994277, -1.95138, 6.48936]
[-0.426119, 0.836305, -0.927051]
[0.568158, -1.11507, 1.23607]
[-0.284079, 0.557536, -0.618034]
[0.426119, -0.836305, 0.927051]
[-0.426119, 0.836305, 0.927051]
[0.284079, -0.557536, -0.618034]
[-0.568158, 1.11507, 1.23607]
[0.426119, -0.836305, -0.927051]
[-0.852237, 1.67261, 3.7082]
[0.568158, -1.11507, -2.47214]
[-1.13632, 2.23015, 4.94427]
[0.852237, -1.67261, -3.7082]
[-1.56244, 3.06645, 10.1976]
[1.13632, -2.23015, -7.41641]
[-6.24974, 12.2658, 0]
[6.24974, -12.2658, 0]
[-3.12487, 6.1329, 0]
[3.12487, -6.1329, 0]
[-3.12487, 6.1329, 0]
[3.12487, -6.1329, 0]
[-3.12487, 6.1329, 0]
[3.12487, -6.1329, 0]
[-1.27836, 2.50891, -5.56231]
[1.56244, -3.06645, 6.79837]
[-0.994277, 1.95138, -4.32624]
[1.27836, -2.50891, 5.56231]
[-0.852237, 1.67261, -1.8541]
[0.994277, -1.95138, 2.16312]
[-0.852237, 1.67261, 0]
[0.852237, -1.67261, 0]
[-0.852237, 1.67261, 0]
[0.852237, -1.67261, 0]
[-0.852237, 1.67261, 0]
[0.852237, -1.67261, 0]
[-0.852237, 1.67261, 0]
[0.852237, -1.67261, 0]
[-0.994277, 1.95138, 2.16312]
[0.852237, -1.67261, -1.8541]
[-1.13632, 2.23015, 2.47214]
[0.994277, -1.95138, -2.16312]
[-1.27836, 2.50891, 2.78115]
[1.13632, -2.23015, -2.47214]
[-1.4204, 2.78768, 3.09017]
[1.27836, -2.50891, -2.78115]
[-1.56244, 3.06645, 3.39919]
[1.4204, -2.78768, -3.09017]
[-2.13059, 4.18152, 18.541]
[1.56244, -3.06645, -13.5967]
[-0.884927, 0.884927, -3.7082]
[1.54862, -1.54862, 6.48936]
[-0.663695, 0.663695, -0.927051]
[0.884927, -0.884927, 1.23607]
[-0.442464, 0.442464, -0.618034]
[0.663695, -0.663695, 0.927051]
[-0.663695, 0.663695, 0.927051]
[0.442464, -0.442464, -0.618034]
[-0.884927, 0.884927, 1.23607]
[0.663695, -0.663695, -0.927051]
[-1.32739, 1.32739, 3.7082]
[0.884927, -0.884927, -2.47214]
[-1.76985, 1.76985, 4.94427]
[1.32739, -1.32739, -3.7082]
[-2.43355, 2.43355, 10.1976]
[1.76985, -1.76985, -7.41641]
[-9.7342, 9.7342, 0]
[9.7342, -9.7342, 0]
[-4.8671, 4.8671, 0]
[4.8671, -4.8671, 0]
[-4.8671, 4.8671, 0]
[4.8671, -4.8671, 0]
[-4.8671, 4.8671, 0]
[4.8671, -4.8671, 0]
[-1.99109, 1.99109, -5.56231]
[2.43355, -2.43355, 6.79837]
[-1.54862, 1.54862, -4.32624]
[1.99109, -1.99109, 5.56231]
[-1.32739, 1.32739, -1.8541]
[1.54862, -1.54862, 2.16312]
[-1.32739, 1.32739, 0]
[1.32739, -1.32739, 0]
[-1.32739, 1.32739, 0]
[1.32739, -1.32739, 0]
[-1.32739, 1.32739, 0]
[1.32739, -1.32739, 0]
[-1.32739, 1.32739, 0]
[1.32739, -1.32739, 0]
[-1.54862, 1.54862, 2.16312]
[1.32739, -1.32739, -1.8541]
[-1.76985, 1.76985, 2.47214]
[1.54862, -1.54862, -2.16312]
[-1.99109, 1.99109, 2.78115]
[1.76985, -1.76985, -2.47214]
[-2.21232, 2.21232, 3.09017]
[1.99109, -1.99109, -2.78115]
[-2.43355, 2.43355, 3.39919]
[2.21232, -2.21232, -3.09017]
[-3.31848, 3.31848, 18.541]
[2.43355, -2.43355, -13.5967]
[-1.11507, 0.568158, -3.7082]
[1.95138, -0.994277, 6.48936]
[-0.836305, 0.426119, -0.927051]
[1.11507, -0.568158, 1.23607]
[-0.557536, 0.284079, -0.618034]
[0.836305, -0.426119, 0.927051]
[-0.836305, 0.426119, 0.927051]
[0.557536, -0.284079, -0.618034]
[-1.11507, 0.568158, 1.23607]
[0.836305, -0.426119, -0.927051]
[-1.67261, 0.852237, 3.7082]
[1.11507, -0.568158, -2.47214]
[-2.23015, 1.13632, 4.94427]
[1.67261, -0.852237, -3.7082]
[-3.06645, 1.56244, 10.1976]
[2.23015, -1.13632, -7.41641]
[-12.2658, 6.24974, 0]
[12.2658, -6.24974, 0]
[-6.1329, 3.12487, 0]
[6.1329, -3.12487, 0]
[-6.1329, 3.12487, 0]
[6.1329, -3.12487, 0]
[-6.1329, 3.12487, 0]
[6.1329, -3.12487, 0]
[-2.50891, 1.27836, -5.56231]
[3.06645, -1.56244, 6.79837]
[-1.95138, 0.994277, -4.32624]
[2.50891, -1.27836, 5.56231]
[-1.67261, 0.852237, -1.8541]
[1.95138, -0.994277, 2.16312]
[-1.67261, 0.852237, 0]
[1.67261, -0.852237, 0]
[-1.67261, 0.852237, 0]
[1.67261, -0.852237, 0]
[-1.67261, 0.852237, 0]
[1.67261, -0.852237, 0]
[-1.67261, 0.852237, 0]
[1.67261, -0.852237, 0]
[-1.95138, 0.994277, 2.16312]
[1.67261, -0.852237, -1.8541]
[-2.23015, 1.13632, 2.47214]
[1.95138, -0.994277, -2.16312]
[-2.50891, 1.27836, 2.78115]
[2.23015, -1.13632, -2.47214]
[-2.78768, 1.4204, 3.09017]
[2.50891, -1.27836, -2.78115]
[-3.06645, 1.56244, 3.39919]
[2.78768, -1.4204, -3.09017]
[-4.18152, 2.13059, 18.541]
[3.06645, -1.56244, -13.5967]
